   ------------------------------------------------------------
  | Welcome to ROOT 6.12/07                http://root.cern.ch |
  |                               (c) 1995-2017, The ROOT Team |
  | Built for linuxx8664gcc                                    |
  | From tag , 9 February 2018                                 |
  | Try '.help', '.demo', '.license', '.credits', '.quit'/'.q' |
   ------------------------------------------------------------


Processing createDataCards.cxx("inputdata/T3MMiniTree_xgboost_setting1_2017UL.root", 0, true, "model_card_v2.rs","config_xgboost_TwoGlobalTracker_2017.txt","twoGlobalTracker","2017")...
Blind option 1
Number of categories is 6
[#1] INFO:ObjectHandling -- RooWorkspace::exportToCint(HLFactory_ws) INFO: references to all objects in this workspace will be created in CINT in 'namespace HLFactory_ws'

RooWorkspace(HLFactory_ws) HLFactory_ws contents

variables
---------
(bkg_exp_offset_A1,bkg_exp_offset_A2,bkg_exp_offset_B1,bkg_exp_offset_B2,bkg_exp_offset_C1,bkg_exp_offset_C2,bkg_exp_slope_A1,bkg_exp_slope_A2,bkg_exp_slope_B1,bkg_exp_slope_B2,bkg_exp_slope_C1,bkg_exp_slope_C2,bkg_powerlaw_slope_A1,bkg_powerlaw_slope_A2,bkg_powerlaw_slope_B1,bkg_powerlaw_slope_B2,bkg_powerlaw_slope_C1,bkg_powerlaw_slope_C2,cb_fraction_A1,cb_fraction_A2,cb_fraction_B1,cb_fraction_B2,cb_fraction_C1,cb_fraction_C2,m3m,sig_alpha_A1,sig_alpha_A2,sig_alpha_B1,sig_alpha_B2,sig_alpha_C1,sig_alpha_C2,sig_gaus_sigma_A1,sig_gaus_sigma_A2,sig_gaus_sigma_B1,sig_gaus_sigma_B2,sig_gaus_sigma_C1,sig_gaus_sigma_C2,sig_m0_A1,sig_m0_A2,sig_m0_B1,sig_m0_B2,sig_m0_C1,sig_m0_C2,sig_n_A1,sig_n_A2,sig_n_B1,sig_n_B2,sig_n_C1,sig_n_C2,sig_sigma_A1,sig_sigma_A2,sig_sigma_B1,sig_sigma_B2,sig_sigma_C1,sig_sigma_C2,sqrtS)

p.d.f.s
-------
RooExponential::t3m_bkg_expo_A1[ x=m3m c=bkg_exp_slope_A1 ] = 0.163654
RooExponential::t3m_bkg_expo_A2[ x=m3m c=bkg_exp_slope_A2 ] = 0.163654
RooExponential::t3m_bkg_expo_B1[ x=m3m c=bkg_exp_slope_B1 ] = 0.163654
RooExponential::t3m_bkg_expo_B2[ x=m3m c=bkg_exp_slope_B2 ] = 0.163654
RooExponential::t3m_bkg_expo_C1[ x=m3m c=bkg_exp_slope_C1 ] = 0.163654
RooExponential::t3m_bkg_expo_C2[ x=m3m c=bkg_exp_slope_C2 ] = 0.163654
RooCBShape::t3m_sig_CBshape_A1_twoGlobalTracker[ m=m3m m0=sig_m0_A1 sigma=sig_sigma_A1 alpha=sig_alpha_A1 n=sig_n_A1 ] = 0.00308872
RooCBShape::t3m_sig_CBshape_A2_twoGlobalTracker[ m=m3m m0=sig_m0_A2 sigma=sig_sigma_A2 alpha=sig_alpha_A2 n=sig_n_A2 ] = 0.00308872
RooCBShape::t3m_sig_CBshape_B1_twoGlobalTracker[ m=m3m m0=sig_m0_B1 sigma=sig_sigma_B1 alpha=sig_alpha_B1 n=sig_n_B1 ] = 0.235746
RooCBShape::t3m_sig_CBshape_B2_twoGlobalTracker[ m=m3m m0=sig_m0_B2 sigma=sig_sigma_B2 alpha=sig_alpha_B2 n=sig_n_B2 ] = 0.235746
RooCBShape::t3m_sig_CBshape_C1_twoGlobalTracker[ m=m3m m0=sig_m0_C1 sigma=sig_sigma_C1 alpha=sig_alpha_C1 n=sig_n_C1 ] = 0.720605
RooCBShape::t3m_sig_CBshape_C2_twoGlobalTracker[ m=m3m m0=sig_m0_C2 sigma=sig_sigma_C2 alpha=sig_alpha_C2 n=sig_n_C2 ] = 0.235746
RooGaussian::t3m_sig_GSshape_A1_twoGlobalTracker[ x=m3m mean=sig_m0_A1 sigma=sig_gaus_sigma_A1 ] = 0.269643
RooGaussian::t3m_sig_GSshape_A2_twoGlobalTracker[ x=m3m mean=sig_m0_A2 sigma=sig_gaus_sigma_A2 ] = 0.00308872
RooGaussian::t3m_sig_GSshape_B1_twoGlobalTracker[ x=m3m mean=sig_m0_B1 sigma=sig_gaus_sigma_B1 ] = 0.235746
RooGaussian::t3m_sig_GSshape_B2_twoGlobalTracker[ x=m3m mean=sig_m0_B2 sigma=sig_gaus_sigma_B2 ] = 0.235746
RooGaussian::t3m_sig_GSshape_C1_twoGlobalTracker[ x=m3m mean=sig_m0_C1 sigma=sig_gaus_sigma_C1 ] = 0.00308872
RooGaussian::t3m_sig_GSshape_C2_twoGlobalTracker[ x=m3m mean=sig_m0_C2 sigma=sig_gaus_sigma_C2 ] = 0.235746

Importing signal Sig_A1 bdt selection bdt>0.94
-------------------------- category==0---------- bdt>0.94
[#1] INFO:Eval -- RooAbsReal::attachToTree(var_tauMassRefitted) TTree Float_t branch var_tauMassRefitted will be converted to double precision
[#1] INFO:Eval -- RooAbsReal::attachToTree(bdt) TTree Float_t branch bdt will be converted to double precision
[#1] INFO:Eval -- RooAbsReal::attachToTree(category) TTree Int_t branch category will be converted to double precision
[#1] INFO:Eval -- RooAbsReal::attachToTree(dataMCType) TTree Int_t branch dataMCType will be converted to double precision
[#1] INFO:Eval -- RooAbsReal::attachToTree(eventWeight) TTree Float_t branch eventWeight will be converted to double precision
[#1] INFO:Eval -- RooTreeDataStore::loadValues(Sig_A1) Ignored 2140 out of range events
RooDataSet::Sig_A1[var_tauMassRefitted,bdt,category,dataMCType,weight:eventWeight] = 1134 entries (0.720297 weighted)
[#1] INFO:ObjectHandling -- RooWorkspace::import(HLFactory_ws) importing dataset Sig_A1
[#1] INFO:ObjectHandling -- RooWorkSpace::import(HLFactory_ws) changing name of dataset from  Sig_A1 to Sig_A1
[#1] INFO:ObjectHandling -- RooWorkSpace::import(HLFactory_ws) changing name of dataset observable var_tauMassRefitted to m3m
[#1] INFO:ObjectHandling -- RooWorkspace::import(HLFactory_ws) importing RooRealVar::bdt
[#1] INFO:ObjectHandling -- RooWorkspace::import(HLFactory_ws) importing RooRealVar::category
[#1] INFO:ObjectHandling -- RooWorkspace::import(HLFactory_ws) importing RooRealVar::dataMCType
Importing signal Sig_B1 bdt selection bdt>0.94
-------------------------- category==1---------- bdt>0.94
[#1] INFO:Eval -- RooAbsReal::attachToTree(var_tauMassRefitted) TTree Float_t branch var_tauMassRefitted will be converted to double precision
[#1] INFO:Eval -- RooAbsReal::attachToTree(bdt) TTree Float_t branch bdt will be converted to double precision
[#1] INFO:Eval -- RooAbsReal::attachToTree(category) TTree Int_t branch category will be converted to double precision
[#1] INFO:Eval -- RooAbsReal::attachToTree(dataMCType) TTree Int_t branch dataMCType will be converted to double precision
[#1] INFO:Eval -- RooAbsReal::attachToTree(eventWeight) TTree Float_t branch eventWeight will be converted to double precision
[#1] INFO:Eval -- RooTreeDataStore::loadValues(Sig_B1) Ignored 2140 out of range events
RooDataSet::Sig_B1[var_tauMassRefitted,bdt,category,dataMCType,weight:eventWeight] = 2624 entries (1.57475 weighted)
[#1] INFO:ObjectHandling -- RooWorkspace::import(HLFactory_ws) importing dataset Sig_B1
[#1] INFO:ObjectHandling -- RooWorkSpace::import(HLFactory_ws) changing name of dataset from  Sig_B1 to Sig_B1
[#1] INFO:ObjectHandling -- RooWorkSpace::import(HLFactory_ws) changing name of dataset observable var_tauMassRefitted to m3m
Importing signal Sig_C1 bdt selection bdt>0.87
-------------------------- category==2---------- bdt>0.87
[#1] INFO:Eval -- RooAbsReal::attachToTree(var_tauMassRefitted) TTree Float_t branch var_tauMassRefitted will be converted to double precision
[#1] INFO:Eval -- RooAbsReal::attachToTree(bdt) TTree Float_t branch bdt will be converted to double precision
[#1] INFO:Eval -- RooAbsReal::attachToTree(category) TTree Int_t branch category will be converted to double precision
[#1] INFO:Eval -- RooAbsReal::attachToTree(dataMCType) TTree Int_t branch dataMCType will be converted to double precision
[#1] INFO:Eval -- RooAbsReal::attachToTree(eventWeight) TTree Float_t branch eventWeight will be converted to double precision
[#1] INFO:Eval -- RooTreeDataStore::loadValues(Sig_C1) Ignored 2140 out of range events
RooDataSet::Sig_C1[var_tauMassRefitted,bdt,category,dataMCType,weight:eventWeight] = 649 entries (0.429871 weighted)
[#1] INFO:ObjectHandling -- RooWorkspace::import(HLFactory_ws) importing dataset Sig_C1
[#1] INFO:ObjectHandling -- RooWorkSpace::import(HLFactory_ws) changing name of dataset from  Sig_C1 to Sig_C1
[#1] INFO:ObjectHandling -- RooWorkSpace::import(HLFactory_ws) changing name of dataset observable var_tauMassRefitted to m3m
Importing signal Sig_A2 bdt selection bdt<=0.94 && bdt>0.72
-------------------------- category==0---------- bdt<=0.94 && bdt>0.72
[#1] INFO:Eval -- RooAbsReal::attachToTree(var_tauMassRefitted) TTree Float_t branch var_tauMassRefitted will be converted to double precision
[#1] INFO:Eval -- RooAbsReal::attachToTree(bdt) TTree Float_t branch bdt will be converted to double precision
[#1] INFO:Eval -- RooAbsReal::attachToTree(category) TTree Int_t branch category will be converted to double precision
[#1] INFO:Eval -- RooAbsReal::attachToTree(dataMCType) TTree Int_t branch dataMCType will be converted to double precision
[#1] INFO:Eval -- RooAbsReal::attachToTree(eventWeight) TTree Float_t branch eventWeight will be converted to double precision
[#1] INFO:Eval -- RooTreeDataStore::loadValues(Sig_A2) Ignored 2140 out of range events
RooDataSet::Sig_A2[var_tauMassRefitted,bdt,category,dataMCType,weight:eventWeight] = 2320 entries (1.41778 weighted)
[#1] INFO:ObjectHandling -- RooWorkspace::import(HLFactory_ws) importing dataset Sig_A2
[#1] INFO:ObjectHandling -- RooWorkSpace::import(HLFactory_ws) changing name of dataset from  Sig_A2 to Sig_A2
[#1] INFO:ObjectHandling -- RooWorkSpace::import(HLFactory_ws) changing name of dataset observable var_tauMassRefitted to m3m
Importing signal Sig_B2 bdt selection bdt<=0.94 && bdt>0.72
-------------------------- category==1---------- bdt<=0.94 && bdt>0.72
[#1] INFO:Eval -- RooAbsReal::attachToTree(var_tauMassRefitted) TTree Float_t branch var_tauMassRefitted will be converted to double precision
[#1] INFO:Eval -- RooAbsReal::attachToTree(bdt) TTree Float_t branch bdt will be converted to double precision
[#1] INFO:Eval -- RooAbsReal::attachToTree(category) TTree Int_t branch category will be converted to double precision
[#1] INFO:Eval -- RooAbsReal::attachToTree(dataMCType) TTree Int_t branch dataMCType will be converted to double precision
[#1] INFO:Eval -- RooAbsReal::attachToTree(eventWeight) TTree Float_t branch eventWeight will be converted to double precision
[#1] INFO:Eval -- RooTreeDataStore::loadValues(Sig_B2) Ignored 2140 out of range events
RooDataSet::Sig_B2[var_tauMassRefitted,bdt,category,dataMCType,weight:eventWeight] = 5762 entries (3.43745 weighted)
[#1] INFO:ObjectHandling -- RooWorkspace::import(HLFactory_ws) importing dataset Sig_B2
[#1] INFO:ObjectHandling -- RooWorkSpace::import(HLFactory_ws) changing name of dataset from  Sig_B2 to Sig_B2
[#1] INFO:ObjectHandling -- RooWorkSpace::import(HLFactory_ws) changing name of dataset observable var_tauMassRefitted to m3m
Importing signal Sig_C2 bdt selection bdt<=0.87 && bdt>0.6
-------------------------- category==2---------- bdt<=0.87 && bdt>0.6
[#1] INFO:Eval -- RooAbsReal::attachToTree(var_tauMassRefitted) TTree Float_t branch var_tauMassRefitted will be converted to double precision
[#1] INFO:Eval -- RooAbsReal::attachToTree(bdt) TTree Float_t branch bdt will be converted to double precision
[#1] INFO:Eval -- RooAbsReal::attachToTree(category) TTree Int_t branch category will be converted to double precision
[#1] INFO:Eval -- RooAbsReal::attachToTree(dataMCType) TTree Int_t branch dataMCType will be converted to double precision
[#1] INFO:Eval -- RooAbsReal::attachToTree(eventWeight) TTree Float_t branch eventWeight will be converted to double precision
[#1] INFO:Eval -- RooTreeDataStore::loadValues(Sig_C2) Ignored 2140 out of range events
RooDataSet::Sig_C2[var_tauMassRefitted,bdt,category,dataMCType,weight:eventWeight] = 1281 entries (0.830695 weighted)
[#1] INFO:ObjectHandling -- RooWorkspace::import(HLFactory_ws) importing dataset Sig_C2
[#1] INFO:ObjectHandling -- RooWorkSpace::import(HLFactory_ws) changing name of dataset from  Sig_C2 to Sig_C2
[#1] INFO:ObjectHandling -- RooWorkSpace::import(HLFactory_ws) changing name of dataset observable var_tauMassRefitted to m3m
Importing background Bkg_A1 bdt selection bdt>0.94
[#1] INFO:Eval -- RooAbsReal::attachToTree(var_tauMassRefitted) TTree Float_t branch var_tauMassRefitted will be converted to double precision
[#1] INFO:Eval -- RooAbsReal::attachToTree(bdt) TTree Float_t branch bdt will be converted to double precision
[#1] INFO:Eval -- RooAbsReal::attachToTree(category) TTree Int_t branch category will be converted to double precision
[#1] INFO:Eval -- RooAbsReal::attachToTree(dataMCType) TTree Int_t branch dataMCType will be converted to double precision
[#1] INFO:Eval -- RooAbsReal::attachToTree(eventWeight) TTree Float_t branch eventWeight will be converted to double precision
[#1] INFO:Eval -- RooTreeDataStore::loadValues(Bkg_A1) Ignored 2140 out of range events
RooDataSet::Bkg_A1[var_tauMassRefitted,bdt,category,dataMCType,eventWeight] = 11 entries
[#1] INFO:ObjectHandling -- RooWorkspace::import(HLFactory_ws) importing dataset Bkg_A1
[#1] INFO:ObjectHandling -- RooWorkSpace::import(HLFactory_ws) changing name of dataset from  Bkg_A1 to Bkg_A1
[#1] INFO:ObjectHandling -- RooWorkSpace::import(HLFactory_ws) changing name of dataset observable var_tauMassRefitted to m3m
[#1] INFO:ObjectHandling -- RooWorkspace::import(HLFactory_ws) importing RooRealVar::eventWeight
Importing background Bkg_B1 bdt selection bdt>0.94
[#1] INFO:Eval -- RooAbsReal::attachToTree(var_tauMassRefitted) TTree Float_t branch var_tauMassRefitted will be converted to double precision
[#1] INFO:Eval -- RooAbsReal::attachToTree(bdt) TTree Float_t branch bdt will be converted to double precision
[#1] INFO:Eval -- RooAbsReal::attachToTree(category) TTree Int_t branch category will be converted to double precision
[#1] INFO:Eval -- RooAbsReal::attachToTree(dataMCType) TTree Int_t branch dataMCType will be converted to double precision
[#1] INFO:Eval -- RooAbsReal::attachToTree(eventWeight) TTree Float_t branch eventWeight will be converted to double precision
[#1] INFO:Eval -- RooTreeDataStore::loadValues(Bkg_B1) Ignored 2140 out of range events
RooDataSet::Bkg_B1[var_tauMassRefitted,bdt,category,dataMCType,eventWeight] = 60 entries
[#1] INFO:ObjectHandling -- RooWorkspace::import(HLFactory_ws) importing dataset Bkg_B1
[#1] INFO:ObjectHandling -- RooWorkSpace::import(HLFactory_ws) changing name of dataset from  Bkg_B1 to Bkg_B1
[#1] INFO:ObjectHandling -- RooWorkSpace::import(HLFactory_ws) changing name of dataset observable var_tauMassRefitted to m3m
Importing background Bkg_C1 bdt selection bdt>0.87
[#1] INFO:Eval -- RooAbsReal::attachToTree(var_tauMassRefitted) TTree Float_t branch var_tauMassRefitted will be converted to double precision
[#1] INFO:Eval -- RooAbsReal::attachToTree(bdt) TTree Float_t branch bdt will be converted to double precision
[#1] INFO:Eval -- RooAbsReal::attachToTree(category) TTree Int_t branch category will be converted to double precision
[#1] INFO:Eval -- RooAbsReal::attachToTree(dataMCType) TTree Int_t branch dataMCType will be converted to double precision
[#1] INFO:Eval -- RooAbsReal::attachToTree(eventWeight) TTree Float_t branch eventWeight will be converted to double precision
[#1] INFO:Eval -- RooTreeDataStore::loadValues(Bkg_C1) Ignored 2140 out of range events
RooDataSet::Bkg_C1[var_tauMassRefitted,bdt,category,dataMCType,eventWeight] = 20 entries
[#1] INFO:ObjectHandling -- RooWorkspace::import(HLFactory_ws) importing dataset Bkg_C1
[#1] INFO:ObjectHandling -- RooWorkSpace::import(HLFactory_ws) changing name of dataset from  Bkg_C1 to Bkg_C1
[#1] INFO:ObjectHandling -- RooWorkSpace::import(HLFactory_ws) changing name of dataset observable var_tauMassRefitted to m3m
Importing background Bkg_A2 bdt selection bdt<=0.94 && bdt>0.72
[#1] INFO:Eval -- RooAbsReal::attachToTree(var_tauMassRefitted) TTree Float_t branch var_tauMassRefitted will be converted to double precision
[#1] INFO:Eval -- RooAbsReal::attachToTree(bdt) TTree Float_t branch bdt will be converted to double precision
[#1] INFO:Eval -- RooAbsReal::attachToTree(category) TTree Int_t branch category will be converted to double precision
[#1] INFO:Eval -- RooAbsReal::attachToTree(dataMCType) TTree Int_t branch dataMCType will be converted to double precision
[#1] INFO:Eval -- RooAbsReal::attachToTree(eventWeight) TTree Float_t branch eventWeight will be converted to double precision
[#1] INFO:Eval -- RooTreeDataStore::loadValues(Bkg_A2) Ignored 2140 out of range events
RooDataSet::Bkg_A2[var_tauMassRefitted,bdt,category,dataMCType,eventWeight] = 172 entries
[#1] INFO:ObjectHandling -- RooWorkspace::import(HLFactory_ws) importing dataset Bkg_A2
[#1] INFO:ObjectHandling -- RooWorkSpace::import(HLFactory_ws) changing name of dataset from  Bkg_A2 to Bkg_A2
[#1] INFO:ObjectHandling -- RooWorkSpace::import(HLFactory_ws) changing name of dataset observable var_tauMassRefitted to m3m
Importing background Bkg_B2 bdt selection bdt<=0.94 && bdt>0.72
[#1] INFO:Eval -- RooAbsReal::attachToTree(var_tauMassRefitted) TTree Float_t branch var_tauMassRefitted will be converted to double precision
[#1] INFO:Eval -- RooAbsReal::attachToTree(bdt) TTree Float_t branch bdt will be converted to double precision
[#1] INFO:Eval -- RooAbsReal::attachToTree(category) TTree Int_t branch category will be converted to double precision
[#1] INFO:Eval -- RooAbsReal::attachToTree(dataMCType) TTree Int_t branch dataMCType will be converted to double precision
[#1] INFO:Eval -- RooAbsReal::attachToTree(eventWeight) TTree Float_t branch eventWeight will be converted to double precision
[#1] INFO:Eval -- RooTreeDataStore::loadValues(Bkg_B2) Ignored 2140 out of range events
RooDataSet::Bkg_B2[var_tauMassRefitted,bdt,category,dataMCType,eventWeight] = 826 entries
[#1] INFO:ObjectHandling -- RooWorkspace::import(HLFactory_ws) importing dataset Bkg_B2
[#1] INFO:ObjectHandling -- RooWorkSpace::import(HLFactory_ws) changing name of dataset from  Bkg_B2 to Bkg_B2
[#1] INFO:ObjectHandling -- RooWorkSpace::import(HLFactory_ws) changing name of dataset observable var_tauMassRefitted to m3m
Importing background Bkg_C2 bdt selection bdt<=0.87 && bdt>0.6
[#1] INFO:Eval -- RooAbsReal::attachToTree(var_tauMassRefitted) TTree Float_t branch var_tauMassRefitted will be converted to double precision
[#1] INFO:Eval -- RooAbsReal::attachToTree(bdt) TTree Float_t branch bdt will be converted to double precision
[#1] INFO:Eval -- RooAbsReal::attachToTree(category) TTree Int_t branch category will be converted to double precision
[#1] INFO:Eval -- RooAbsReal::attachToTree(dataMCType) TTree Int_t branch dataMCType will be converted to double precision
[#1] INFO:Eval -- RooAbsReal::attachToTree(eventWeight) TTree Float_t branch eventWeight will be converted to double precision
[#1] INFO:Eval -- RooTreeDataStore::loadValues(Bkg_C2) Ignored 2140 out of range events
RooDataSet::Bkg_C2[var_tauMassRefitted,bdt,category,dataMCType,eventWeight] = 328 entries
[#1] INFO:ObjectHandling -- RooWorkspace::import(HLFactory_ws) importing dataset Bkg_C2
[#1] INFO:ObjectHandling -- RooWorkSpace::import(HLFactory_ws) changing name of dataset from  Bkg_C2 to Bkg_C2
[#1] INFO:ObjectHandling -- RooWorkSpace::import(HLFactory_ws) changing name of dataset observable var_tauMassRefitted to m3m
[#1] INFO:Eval -- RooRealVar::setRange(m3m) new range named 'signal' created with bounds [1.7,1.85]
[#1] INFO:Eval -- RooRealVar::setRange(m3m) new range named 'fullRange' created with bounds [1.62,2]
category  A1
[#1] INFO:Fitting -- RooAbsOptTestStatistic::ctor(nll_SignalModel_fit_A1_Sig_A1) constructing test statistic for sub-range named signal
[#1] INFO:Eval -- RooRealVar::setRange(m3m) new range named 'NormalizationRangeForsignal' created with bounds [1.62,2]
[#1] INFO:Eval -- RooRealVar::setRange(m3m) new range named 'fit_nll_SignalModel_fit_A1_Sig_A1' created with bounds [1.7,1.85]
[#1] INFO:Fitting -- RooAbsOptTestStatistic::ctor(nll_SignalModel_fit_A1_Sig_A1) fixing interpretation of coefficients of any RooAddPdf to full domain of observables 
[#1] INFO:Minization -- RooMinimizer::optimizeConst: activating const optimization
[#1] INFO:Minization --  The following expressions will be evaluated in cache-and-track mode: (t3m_sig_CBshape_A1_twoGlobalTracker,t3m_sig_GSshape_A1_twoGlobalTracker)
 **********
 **    1 **SET PRINT           1
 **********
 **********
 **    2 **SET NOGRAD
 **********
 PARAMETER DEFINITIONS:
    NO.   NAME         VALUE      STEP SIZE      LIMITS
     1 cb_fraction_A1   5.00000e-01  1.00000e-01    0.00000e+00  1.00000e+00
     2 sig_alpha_A1   1.00000e+00  1.00000e+00   -5.00000e+00  5.00000e+00
     3 sig_gaus_sigma_A1   2.10000e-02  4.00000e-03    1.00000e-02  5.00000e-02
     4 sig_m0_A1    1.77600e+00  3.00000e-04    1.77500e+00  1.77800e+00
     5 sig_n_A1     1.00000e+00  5.00000e-01    0.00000e+00  5.00000e+00
     6 sig_sigma_A1   1.00000e-02  5.00000e-03    0.00000e+00  5.00000e-02
 **********
 **    3 **SET ERR         0.5
 **********
 **********
 **    4 **SET PRINT           1
 **********
 **********
 **    5 **SET STR           1
 **********
 NOW USING STRATEGY  1: TRY TO BALANCE SPEED AGAINST RELIABILITY
 **********
 **    6 **MIGRAD        3000           1
 **********
 FIRST CALL TO USER FUNCTION AT NEW START POINT, WITH IFLAG=4.
 START MIGRAD MINIMIZATION.  STRATEGY  1.  CONVERGENCE WHEN EDM .LT. 1.00e-03
 FCN=-2.04237 FROM MIGRAD    STATUS=INITIATE       22 CALLS          23 TOTAL
                     EDM= unknown      STRATEGY= 1      NO ERROR MATRIX       
  EXT PARAMETER               CURRENT GUESS       STEP         FIRST   
  NO.   NAME      VALUE            ERROR          SIZE      DERIVATIVE 
   1  cb_fraction_A1   5.00000e-01   1.00000e-01   2.01358e-01  -4.25049e-02
   2  sig_alpha_A1   1.00000e+00   1.00000e+00   2.05758e-01  -5.47953e-01
   3  sig_gaus_sigma_A1   2.10000e-02   4.00000e-03   2.27452e-01   1.89791e-01
   4  sig_m0_A1    1.77600e+00   3.00000e-04   2.14402e-01  -4.83878e-03
   5  sig_n_A1     1.00000e+00   5.00000e-01   2.57889e-01  -1.00308e-01
   6  sig_sigma_A1   1.00000e-02   5.00000e-03   2.57889e-01   1.35754e-01
                               ERR DEF= 0.5
 MIGRAD MINIMIZATION HAS CONVERGED.
 MIGRAD WILL VERIFY CONVERGENCE AND ERROR MATRIX.
 COVARIANCE MATRIX CALCULATED SUCCESSFULLY
 FCN=-2.17608 FROM MIGRAD    STATUS=CONVERGED     203 CALLS         204 TOTAL
                     EDM=0.000540445    STRATEGY= 1      ERROR MATRIX ACCURATE 
  EXT PARAMETER                                   STEP         FIRST   
  NO.   NAME      VALUE            ERROR          SIZE      DERIVATIVE 
   1  cb_fraction_A1   9.87396e-01   9.05338e-01   3.57369e-03   1.38044e-03
   2  sig_alpha_A1   2.02674e+00   8.23469e+00   1.10920e-03  -6.83354e-03
   3  sig_gaus_sigma_A1   2.95512e-02   2.84653e-02   1.73718e-02  -9.74337e-04
   4  sig_m0_A1    1.77666e+00   1.79597e-03   9.78426e-03   4.62281e-05
   5  sig_n_A1     1.95645e+00   4.00829e+00   8.07822e-03  -8.99053e-05
   6  sig_sigma_A1   1.03378e-02   1.08512e-02   5.56827e-04  -3.24881e-03
                               ERR DEF= 0.5
 EXTERNAL ERROR MATRIX.    NDIM=  25    NPAR=  6    ERR DEF=0.5
  1.782e-01 -6.730e-01  9.870e-02  3.086e-04  1.956e+00  1.234e-03 
 -6.730e-01  1.269e+02 -6.277e-01 -4.800e-02 -4.223e+02  4.268e-02 
  9.870e-02 -6.277e-01  1.749e-01  5.538e-05  3.441e+00  7.051e-04 
  3.086e-04 -4.800e-02  5.538e-05  1.900e-04  1.317e-01 -3.279e-05 
  1.956e+00 -4.223e+02  3.441e+00  1.317e-01  1.703e+03 -1.119e-01 
  1.234e-03  4.268e-02  7.051e-04 -3.279e-05 -1.119e-01  1.311e-04 
 PARAMETER  CORRELATION COEFFICIENTS  
       NO.  GLOBAL      1      2      3      4      5      6
        1  0.62747   1.000 -0.142  0.559  0.053  0.112  0.255
        2  0.92559  -0.142  1.000 -0.133 -0.309 -0.908  0.331
        3  0.59957   0.559 -0.133  1.000  0.010  0.199  0.147
        4  0.34633   0.053 -0.309  0.010  1.000  0.232 -0.208
        5  0.91832   0.112 -0.908  0.199  0.232  1.000 -0.237
        6  0.48866   0.255  0.331  0.147 -0.208 -0.237  1.000
 **********
 **    7 **SET ERR         0.5
 **********
 **********
 **    8 **SET PRINT           1
 **********
 **********
 **    9 **HESSE        3000
 **********
 COVARIANCE MATRIX CALCULATED SUCCESSFULLY
 FCN=-2.17608 FROM HESSE     STATUS=OK             40 CALLS         244 TOTAL
                     EDM=0.00062146    STRATEGY= 1      ERROR MATRIX ACCURATE 
  EXT PARAMETER                                INTERNAL      INTERNAL  
  NO.   NAME      VALUE            ERROR       STEP SIZE       VALUE   
   1  cb_fraction_A1   9.87396e-01   8.97379e-01   7.14739e-04   1.34579e+00
   2  sig_alpha_A1   2.02674e+00   7.57513e+00   2.21840e-04   4.17360e-01
   3  sig_gaus_sigma_A1   2.95512e-02   2.69184e-02   3.47436e-03  -6.30563e+00
   4  sig_m0_A1    1.77666e+00   1.62075e-03   1.95685e-03   1.09271e-01
   5  sig_n_A1     1.95645e+00   3.17920e+00   1.61564e-03  -2.19170e-01
   6  sig_sigma_A1   1.03378e-02   1.12611e-02   1.11365e-04  -6.26716e-01
                               ERR DEF= 0.5
 EXTERNAL ERROR MATRIX.    NDIM=  25    NPAR=  6    ERR DEF=0.5
  1.821e-01 -8.181e-01  1.033e-01  3.751e-04  2.486e+00  1.189e-03 
 -8.181e-01  1.738e+02 -8.397e-01 -6.969e-02 -5.844e+02  6.623e-02 
  1.033e-01 -8.397e-01  1.792e-01  1.483e-04  4.183e+00  6.327e-04 
  3.751e-04 -6.969e-02  1.483e-04  1.999e-04  2.062e-01 -4.353e-05 
  2.486e+00 -5.844e+02  4.183e+00  2.062e-01  2.263e+03 -1.923e-01 
  1.189e-03  6.623e-02  6.327e-04 -4.353e-05 -1.923e-01  1.426e-04 
 PARAMETER  CORRELATION COEFFICIENTS  
       NO.  GLOBAL      1      2      3      4      5      6
        1  0.63767   1.000 -0.145  0.572  0.062  0.122  0.233
        2  0.94563  -0.145  1.000 -0.150 -0.374 -0.932  0.421
        3  0.61215   0.572 -0.150  1.000  0.025  0.208  0.125
        4  0.40434   0.062 -0.374  0.025  1.000  0.307 -0.258
        5  0.93918   0.122 -0.932  0.208  0.307  1.000 -0.339
        6  0.54713   0.233  0.421  0.125 -0.258 -0.339  1.000
[#1] INFO:Fitting -- RooAbsPdf::fitTo(SignalModel_fit_A1) Calculating sum-of-weights-squared correction matrix for covariance matrix
 **********
 **   10 **SET ERR         0.5
 **********
 **********
 **   11 **SET PRINT           1
 **********
 **********
 **   12 **HESSE        3000
 **********
 COVARIANCE MATRIX CALCULATED SUCCESSFULLY
 FCN=-0.00144545 FROM HESSE     STATUS=OK             54 CALLS         298 TOTAL
                     EDM=4.45479e-07    STRATEGY= 1      ERROR MATRIX ACCURATE 
  EXT PARAMETER                                INTERNAL      INTERNAL  
  NO.   NAME      VALUE            ERROR       STEP SIZE       VALUE   
   1  cb_fraction_A1   9.87396e-01   7.91576e-01   1.45807e-02   1.34579e+00
   2  sig_alpha_A1   2.02674e+00   5.02585e+00   4.52553e-03   4.17360e-01
   3  sig_gaus_sigma_A1   2.95512e-02   2.71508e-02   7.08770e-02  -6.30563e+00
   4  sig_m0_A1    1.77666e+00   2.15098e-03   3.99198e-02   1.09271e-01
   5  sig_n_A1     1.95645e+00   3.10265e+00   3.29591e-02  -2.19170e-01
   6  sig_sigma_A1   1.03378e-02   2.76196e-02   2.27185e-03  -6.26716e-01
                               ERR DEF= 0.5
 EXTERNAL ERROR MATRIX.    NDIM=  25    NPAR=  6    ERR DEF=0.5
  2.655e+02 -7.672e+02  1.449e+02  3.822e-01  2.093e+03  1.834e+00 
 -7.672e+02  1.188e+05 -7.116e+02 -4.159e+01 -3.890e+05  3.566e+01 
  1.449e+02 -7.116e+02  2.860e+02 -6.045e-02  5.037e+03  1.164e+00 
  3.822e-01 -4.159e+01 -6.045e-02  2.733e-01  9.085e+01 -3.408e-02 
  2.093e+03 -3.890e+05  5.037e+03  9.085e+01  1.752e+06 -6.694e+01 
  1.834e+00  3.566e+01  1.164e+00 -3.408e-02 -6.694e+01  1.804e-01 
 PARAMETER  CORRELATION COEFFICIENTS  
       NO.  GLOBAL      1      2      3      4      5      6
        1  0.60258   1.000 -0.137  0.526  0.045  0.097  0.265
        2  0.88083  -0.137  1.000 -0.122 -0.231 -0.852  0.244
        3  0.58481   0.526 -0.122  1.000 -0.007  0.225  0.162
        4  0.27716   0.045 -0.231 -0.007  1.000  0.131 -0.153
        5  0.87308   0.097 -0.852  0.225  0.131  1.000 -0.119
        6  0.43525   0.265  0.244  0.162 -0.153 -0.119  1.000
[#1] INFO:Minization -- RooMinimizer::optimizeConst: deactivating const optimization
[#1] INFO:ObjectHandling -- RooWorkspace::import(HLFactory_ws) importing RooRealVar::m0_fixed_A1
[#1] INFO:ObjectHandling -- RooWorkspace::import(HLFactory_ws) importing RooRealVar::sigma_fixed_A1
[#1] INFO:ObjectHandling -- RooWorkspace::import(HLFactory_ws) importing RooRealVar::sigma_gaus_fixed_A1
[#1] INFO:ObjectHandling -- RooWorkspace::import(HLFactory_ws) importing RooRealVar::n_cb_fixed_A1
[#1] INFO:ObjectHandling -- RooWorkspace::import(HLFactory_ws) importing RooRealVar::alpha_cb_fixed_A1
[#1] INFO:ObjectHandling -- RooWorkspace::import(HLFactory_ws) importing RooRealVar::f_cb_A1
 m0_fixed_A1 sigma_fixed_A1 sigma_gaus_fixed_A1 alpha_cb_fixed_A1 n_cb_fixed_A1 f_cb_A1[#1] INFO:ObjectHandling -- RooWorkspace::import(HLFactory_ws) importing RooAddPdf::SignalModel_A1
[#1] INFO:ObjectHandling -- RooWorkspace::import(HLFactory_ws) importing RooCBShape::CB_final_A1_twoGlobalTracker_2017
[#1] INFO:ObjectHandling -- RooWorkspace::import(HLFactory_ws) importing RooGaussian::GS_final_A1_twoGlobalTracker_2017
category  B1
[#1] INFO:Fitting -- RooAbsOptTestStatistic::ctor(nll_SignalModel_fit_B1_Sig_B1) constructing test statistic for sub-range named signal
[#1] INFO:Eval -- RooRealVar::setRange(m3m) new range named 'fit_nll_SignalModel_fit_B1_Sig_B1' created with bounds [1.7,1.85]
[#1] INFO:Fitting -- RooAbsOptTestStatistic::ctor(nll_SignalModel_fit_B1_Sig_B1) fixing interpretation of coefficients of any RooAddPdf to full domain of observables 
[#1] INFO:Minization -- RooMinimizer::optimizeConst: activating const optimization
[#1] INFO:Minization --  The following expressions will be evaluated in cache-and-track mode: (t3m_sig_CBshape_B1_twoGlobalTracker,t3m_sig_GSshape_B1_twoGlobalTracker)
 **********
 **   13 **SET PRINT           1
 **********
 **********
 **   14 **SET NOGRAD
 **********
 PARAMETER DEFINITIONS:
    NO.   NAME         VALUE      STEP SIZE      LIMITS
     1 cb_fraction_B1   5.00000e-01  1.00000e-01    0.00000e+00  1.00000e+00
     2 sig_alpha_B1   1.00000e+00  4.00000e+00   -2.00000e+01  2.00000e+01
     3 sig_gaus_sigma_B1   2.00000e-02  1.00000e-02    0.00000e+00  5.00000e-01
     4 sig_m0_B1    1.77600e+00  3.00000e-04    1.77500e+00  1.77800e+00
     5 sig_n_B1     2.00000e+00  5.00000e-01    0.00000e+00  5.00000e+00
     6 sig_sigma_B1   2.00000e-02  1.00000e-02    0.00000e+00  5.00000e-01
 **********
 **   15 **SET ERR         0.5
 **********
 **********
 **   16 **SET PRINT           1
 **********
 **********
 **   17 **SET STR           1
 **********
 NOW USING STRATEGY  1: TRY TO BALANCE SPEED AGAINST RELIABILITY
 **********
 **   18 **MIGRAD        3000           1
 **********
 FIRST CALL TO USER FUNCTION AT NEW START POINT, WITH IFLAG=4.
 START MIGRAD MINIMIZATION.  STRATEGY  1.  CONVERGENCE WHEN EDM .LT. 1.00e-03
 FCN=-4.01179 FROM MIGRAD    STATUS=INITIATE       24 CALLS          25 TOTAL
                     EDM= unknown      STRATEGY= 1      NO ERROR MATRIX       
  EXT PARAMETER               CURRENT GUESS       STEP         FIRST   
  NO.   NAME      VALUE            ERROR          SIZE      DERIVATIVE 
   1  cb_fraction_B1   5.00000e-01   1.00000e-01   2.01358e-01   5.84034e-02
   2  sig_alpha_B1   1.00000e+00   4.00000e+00   2.01624e-01  -1.73401e+00
   3  sig_gaus_sigma_B1   2.00000e-02   1.00000e-02   1.05570e-01   1.24223e+00
   4  sig_m0_B1    1.77600e+00   3.00000e-04   2.14402e-01  -5.50697e-03
   5  sig_n_B1     2.00000e+00   5.00000e-01   2.05758e-01  -2.18008e-02
   6  sig_sigma_B1   2.00000e-02   1.00000e-02   1.05570e-01   8.10014e-01
                               ERR DEF= 0.5
 MIGRAD MINIMIZATION HAS CONVERGED.
 MIGRAD WILL VERIFY CONVERGENCE AND ERROR MATRIX.
 COVARIANCE MATRIX CALCULATED SUCCESSFULLY
 FCN=-4.0863 FROM HESSE     STATUS=OK             40 CALLS         139 TOTAL
                     EDM=0.00620286    STRATEGY= 1      ERROR MATRIX ACCURATE 
  EXT PARAMETER                                   STEP         FIRST   
  NO.   NAME      VALUE            ERROR          SIZE      DERIVATIVE 
   1  cb_fraction_B1   2.75627e-01   7.75951e-01   6.81894e-03   8.75722e-04
   2  sig_alpha_B1   1.20912e+00   3.03510e+01   3.21235e-04  -1.52114e-02
   3  sig_gaus_sigma_B1   1.68768e-02   4.03256e-01   2.19566e-04  -2.48490e-03
   4  sig_m0_B1    1.77725e+00   2.15161e-03   1.67828e-02  -2.93646e-04
   5  sig_n_B1     2.39753e+00   3.57819e+00   1.70282e-02  -7.86692e-04
   6  sig_sigma_B1   1.50419e-02   2.52013e-01   8.09298e-04   1.64129e-02
                               ERR DEF= 0.5
 MIGRAD MINIMIZATION HAS CONVERGED.
 MIGRAD WILL VERIFY CONVERGENCE AND ERROR MATRIX.
 COVARIANCE MATRIX CALCULATED SUCCESSFULLY
 FCN=-4.08662 FROM MIGRAD    STATUS=CONVERGED     235 CALLS         236 TOTAL
                     EDM=0.000110586    STRATEGY= 1      ERROR MATRIX ACCURATE 
  EXT PARAMETER                                   STEP         FIRST   
  NO.   NAME      VALUE            ERROR          SIZE      DERIVATIVE 
   1  cb_fraction_B1   2.75979e-01   6.31046e-01   6.42414e-03  -9.03135e-05
   2  sig_alpha_B1   1.16737e+00   1.14535e+01   2.87107e-04  -1.61983e-02
   3  sig_gaus_sigma_B1   1.75289e-02   2.97054e-02   2.25171e-04   4.10115e-02
   4  sig_m0_B1    1.77739e+00   2.50190e-03   1.66218e-02   5.89057e-05
   5  sig_n_B1     2.42694e+00   2.84379e+00   1.34114e-02  -2.79359e-04
   6  sig_sigma_B1   1.27023e-02   3.35328e-01   7.51200e-04   1.27680e-02
                               ERR DEF= 0.5
 EXTERNAL ERROR MATRIX.    NDIM=  25    NPAR=  6    ERR DEF=0.5
  3.866e+01  1.914e+01  5.857e-02  2.199e-02  4.051e+02  5.480e-01 
  1.914e+01  1.488e+02  2.013e-01 -7.673e-02 -5.077e+02 -9.750e-03 
  5.857e-02  2.013e-01  9.149e-04 -5.393e-05 -4.216e-01 -1.281e-03 
  2.199e-02 -7.673e-02 -5.393e-05  2.863e-04  5.348e-01  2.122e-04 
  4.051e+02 -5.077e+02 -4.216e-01  5.348e-01  8.745e+03  8.534e+00 
  5.480e-01 -9.750e-03 -1.281e-03  2.122e-04  8.534e+00  1.627e-02 
 PARAMETER  CORRELATION COEFFICIENTS  
       NO.  GLOBAL      1      2      3      4      5      6
        1  0.95438   1.000  0.252  0.311  0.209  0.697  0.691
        2  0.94759   0.252  1.000  0.546 -0.372 -0.445 -0.006
        3  0.89135   0.311  0.546  1.000 -0.105 -0.149 -0.332
        4  0.56853   0.209 -0.372 -0.105  1.000  0.338  0.098
        5  0.96811   0.697 -0.445 -0.149  0.338  1.000  0.716
        6  0.94044   0.691 -0.006 -0.332  0.098  0.716  1.000
 **********
 **   19 **SET ERR         0.5
 **********
 **********
 **   20 **SET PRINT           1
 **********
 **********
 **   21 **HESSE        3000
 **********
 COVARIANCE MATRIX CALCULATED SUCCESSFULLY
 FCN=-4.08662 FROM HESSE     STATUS=OK             40 CALLS         276 TOTAL
                     EDM=0.000129287    STRATEGY= 1      ERROR MATRIX ACCURATE 
  EXT PARAMETER                                INTERNAL      INTERNAL  
  NO.   NAME      VALUE            ERROR       STEP SIZE       VALUE   
   1  cb_fraction_B1   2.75979e-01   6.48614e-01   1.28483e-03  -4.64573e-01
   2  sig_alpha_B1   1.16737e+00   1.19591e+01   5.74214e-05   5.84019e-02
   3  sig_gaus_sigma_B1   1.75289e-02   3.00267e-02   4.50341e-05  -1.19410e+00
   4  sig_m0_B1    1.77739e+00   2.64342e-03   3.32436e-03   6.37503e-01
   5  sig_n_B1     2.42694e+00   2.55359e+00   2.68227e-03  -2.92293e-02
   6  sig_sigma_B1   1.27023e-02   3.58799e-01   1.50240e-04  -1.25066e+00
                               ERR DEF= 0.5
 EXTERNAL ERROR MATRIX.    NDIM=  25    NPAR=  6    ERR DEF=0.5
  4.733e+01  1.189e+01  4.905e-02  3.194e-02  5.673e+02  7.357e-01 
  1.189e+01  1.644e+02  2.204e-01 -9.066e-02 -6.955e+02 -1.902e-01 
  4.905e-02  2.204e-01  9.356e-04 -7.312e-05 -6.549e-01 -1.500e-03 
  3.194e-02 -9.066e-02 -7.312e-05  3.011e-04  7.518e-01  4.462e-04 
  5.673e+02 -6.955e+02 -6.549e-01  7.518e-01  1.206e+04  1.215e+01 
  7.357e-01 -1.902e-01 -1.500e-03  4.462e-04  1.215e+01  2.032e-02 
 PARAMETER  CORRELATION COEFFICIENTS  
       NO.  GLOBAL      1      2      3      4      5      6
        1  0.96291   1.000  0.135  0.233  0.268  0.751  0.750
        2  0.95265   0.135  1.000  0.562 -0.407 -0.494 -0.104
        3  0.89389   0.233  0.562  1.000 -0.138 -0.195 -0.344
        4  0.59705   0.268 -0.407 -0.138  1.000  0.395  0.180
        5  0.97697   0.751 -0.494 -0.195  0.395  1.000  0.776
        6  0.95258   0.750 -0.104 -0.344  0.180  0.776  1.000
[#1] INFO:Fitting -- RooAbsPdf::fitTo(SignalModel_fit_B1) Calculating sum-of-weights-squared correction matrix for covariance matrix
 **********
 **   22 **SET ERR         0.5
 **********
 **********
 **   23 **SET PRINT           1
 **********
 **********
 **   24 **HESSE        3000
 **********
 COVARIANCE MATRIX CALCULATED SUCCESSFULLY
 FCN=-0.0025392 FROM HESSE     STATUS=OK             54 CALLS         330 TOTAL
                     EDM=6.66057e-08    STRATEGY= 1      ERROR MATRIX ACCURATE 
  EXT PARAMETER                                INTERNAL      INTERNAL  
  NO.   NAME      VALUE            ERROR       STEP SIZE       VALUE   
   1  cb_fraction_B1   2.75979e-01   7.98943e-01   2.62105e-02  -4.64573e-01
   2  sig_alpha_B1   1.16737e+00   2.82989e+01   1.17140e-03   5.84019e-02
   3  sig_gaus_sigma_B1   1.75289e-02   2.53569e-01   9.18696e-04  -1.19410e+00
   4  sig_m0_B1    1.77739e+00   1.92666e-03   6.78169e-02   6.37503e-01
   5  sig_n_B1     2.42694e+00   3.00984e+00   5.47183e-02  -2.92293e-02
   6  sig_sigma_B1   1.27023e-02   4.85646e-01   3.06490e-03  -1.25066e+00
                               ERR DEF= 0.5
 EXTERNAL ERROR MATRIX.    NDIM=  25    NPAR=  6    ERR DEF=0.5
  5.377e+04  6.957e+04  1.363e+02  8.946e+00  3.126e+05  6.422e+02 
  6.957e+04  2.135e+05  2.832e+02 -8.472e+01 -1.123e+05  8.541e+02 
  1.363e+02  2.832e+02  1.320e+00 -4.518e-02  2.037e+02 -7.139e-01 
  8.946e+00 -8.472e+01 -4.518e-02  4.203e-01  2.718e+02 -2.380e-01 
  3.126e+05 -1.123e+05  2.037e+02  2.718e+02  5.214e+06  5.185e+03 
  6.422e+02  8.541e+02 -7.139e-01 -2.380e-01  5.185e+03  1.811e+01 
 PARAMETER  CORRELATION COEFFICIENTS  
       NO.  GLOBAL      1      2      3      4      5      6
        1  0.94658   1.000  0.649  0.512  0.060  0.590  0.651
        2  0.94047   0.649  1.000  0.533 -0.283 -0.106  0.434
        3  0.87854   0.512  0.533  1.000 -0.061  0.078 -0.146
        4  0.50682   0.060 -0.283 -0.061  1.000  0.184 -0.086
        5  0.91513   0.590 -0.106  0.078  0.184  1.000  0.534
        6  0.91514   0.651  0.434 -0.146 -0.086  0.534  1.000
[#1] INFO:Minization -- RooMinimizer::optimizeConst: deactivating const optimization
[#1] INFO:ObjectHandling -- RooWorkspace::import(HLFactory_ws) importing RooRealVar::m0_fixed_B1
[#1] INFO:ObjectHandling -- RooWorkspace::import(HLFactory_ws) importing RooRealVar::sigma_fixed_B1
[#1] INFO:ObjectHandling -- RooWorkspace::import(HLFactory_ws) importing RooRealVar::sigma_gaus_fixed_B1
[#1] INFO:ObjectHandling -- RooWorkspace::import(HLFactory_ws) importing RooRealVar::n_cb_fixed_B1
[#1] INFO:ObjectHandling -- RooWorkspace::import(HLFactory_ws) importing RooRealVar::alpha_cb_fixed_B1
[#1] INFO:ObjectHandling -- RooWorkspace::import(HLFactory_ws) importing RooRealVar::f_cb_B1
 m0_fixed_B1 sigma_fixed_B1 sigma_gaus_fixed_B1 alpha_cb_fixed_B1 n_cb_fixed_B1 f_cb_B1[#1] INFO:ObjectHandling -- RooWorkspace::import(HLFactory_ws) importing RooAddPdf::SignalModel_B1
[#1] INFO:ObjectHandling -- RooWorkspace::import(HLFactory_ws) importing RooCBShape::CB_final_B1_twoGlobalTracker_2017
[#1] INFO:ObjectHandling -- RooWorkspace::import(HLFactory_ws) importing RooGaussian::GS_final_B1_twoGlobalTracker_2017
category  C1
[#1] INFO:Fitting -- RooAbsOptTestStatistic::ctor(nll_SignalModel_fit_C1_Sig_C1) constructing test statistic for sub-range named signal
[#1] INFO:Eval -- RooRealVar::setRange(m3m) new range named 'fit_nll_SignalModel_fit_C1_Sig_C1' created with bounds [1.7,1.85]
[#1] INFO:Fitting -- RooAbsOptTestStatistic::ctor(nll_SignalModel_fit_C1_Sig_C1) fixing interpretation of coefficients of any RooAddPdf to full domain of observables 
[#1] INFO:Minization -- RooMinimizer::optimizeConst: activating const optimization
[#1] INFO:Minization --  The following expressions will be evaluated in cache-and-track mode: (t3m_sig_CBshape_C1_twoGlobalTracker,t3m_sig_GSshape_C1_twoGlobalTracker)
 **********
 **   25 **SET PRINT           1
 **********
 **********
 **   26 **SET NOGRAD
 **********
 PARAMETER DEFINITIONS:
